id bug degree concurrent
8009 0 0 0
8006 0 0 0
7986 0 0 0
7984 0 0 0
7955 0 1 0
7953 0 3 1
7952 0 0 0
7951 0 2 1
7950 0 1 0
7949 0 0 0
7948 0 1 0
7939 0 3 1
7938 0 1 0
7930 0 0 0
7916 1 3 1
7911 0 1 0
7907 0 1 0
7906 0 1 0
7905 0 2 1
7886 0 3 1
7872 0 2 1
7865 0 2 1
7864 0 2 1
7863 0 4 1
7862 0 1 0
7859 0 1 0
7858 0 4 1
7857 0 7 1
7855 0 3 1
7840 0 2 1
7830 0 4 1
7827 0 1 0
7822 0 2 1
7814 0 3 1
7811 0 3 1
7807 0 5 1
7806 0 3 1
7797 1 2 1
7792 0 1 0
7786 0 2 1
7785 0 2 1
7784 0 2 1
7782 0 4 1
7777 0 4 1
7776 1 2 1
7766 0 3 1
7762 0 3 1
7759 0 6 1
7758 0 4 1
7753 0 4 1
7750 0 5 1
7747 0 2 1
7744 0 1 0
7743 0 2 1
7741 1 3 1
7740 0 2 1
7733 0 3 1
7728 0 1 0
7716 0 0 0
7713 0 3 1
7712 0 4 1
7709 0 6 1
7705 0 2 1
7697 0 4 1
7695 0 6 1
7689 0 2 1
7687 0 2 1
7686 0 1 0
7685 0 5 1
7682 1 3 1
7678 0 4 1
7674 0 4 1
7657 0 1 0
7655 0 7 1
7653 0 3 1
7652 0 2 1
7633 0 2 1
7631 1 2 1
7630 0 6 1
7627 0 3 1
7625 0 5 1
7624 0 1 0
7617 0 3 1
7615 0 3 1
7606 0 2 1
7603 0 5 1
7601 0 4 1
7599 1 8 1
7591 0 1 0
7588 0 3 1
7587 1 2 1
7581 0 5 1
7580 0 4 1
7573 0 1 0
7571 0 3 1
7568 0 5 1
7566 0 2 1
7564 0 5 1
7563 0 1 0
7562 0 4 1
7561 0 1 0
7557 0 1 0
7556 0 4 1
7553 0 3 1
7551 1 1 0
7550 0 3 1
7549 0 4 1
7543 0 5 1
7540 0 4 1
7531 0 7 1
7527 0 1 0
7523 0 7 1
7518 1 5 1
7501 0 4 1
7491 0 3 1
7489 0 6 1
7488 0 4 1
7487 0 4 1
7486 0 1 0
7483 0 3 1
7481 0 5 1
7475 0 2 1
7472 0 2 1
7470 0 4 1
7469 1 4 1
7466 0 6 1
7463 0 3 1
7457 0 2 1
7452 0 1 0
7440 0 0 0
7435 0 5 1
7430 0 1 0
7423 0 2 1
7415 0 6 1
7414 0 2 1
7413 0 4 1
7412 0 2 1
7409 0 2 1
7402 0 2 1
7388 0 2 1
7380 0 3 1
7378 0 3 1
7375 0 1 0
7370 0 2 1
7369 1 6 1
7368 0 1 0
7367 0 1 0
7365 1 4 1
7357 0 2 1
7355 1 4 1
7353 0 5 1
7352 0 2 1
7351 0 5 1
7348 0 2 1
7343 0 2 1
7341 0 3 1
7337 0 4 1
7335 0 4 1
7320 0 3 1
7318 0 3 1
7316 0 1 0
7314 0 3 1
7307 0 3 1
7306 0 4 1
7305 0 5 1
7302 0 3 1
7301 0 1 0
7294 0 2 1
7285 0 3 1
7283 0 2 1
7275 0 7 1
7270 0 4 1
7265 1 2 1
7261 1 3 1
7260 0 4 1
7256 0 3 1
7255 0 4 1
7254 0 2 1
7251 0 5 1
7248 0 2 1
7237 0 1 0
7235 1 2 1
7234 0 4 1
7233 0 3 1
7232 0 2 1
7231 0 1 0
7228 0 4 1
7225 1 5 1
7224 0 5 1
7213 0 1 0
7211 0 3 1
7205 0 2 1
7200 0 1 0
7194 0 3 1
7187 0 4 1
7181 0 5 1
7180 0 6 1
7175 1 6 1
7174 1 2 1
7173 0 5 1
7170 1 3 1
7169 1 4 1
7165 1 6 1
7163 0 4 1
7155 0 2 1
7154 0 3 1
7149 0 6 1
7145 1 4 1
7136 1 3 1
7133 0 3 1
7130 0 2 1
7129 1 5 1
7126 0 4 1
7117 1 1 0
7113 1 4 1
7110 0 0 0
7107 1 2 1
7105 0 5 1
7103 0 1 0
7101 0 4 1
7099 0 1 0
7093 0 4 1
7090 0 3 1
7088 0 2 1
7087 0 7 1
7083 0 4 1
7081 0 3 1
7080 0 1 0
7075 0 2 1
7073 0 4 1
7068 1 5 1
7051 0 1 0
7050 1 2 1
7047 1 4 1
7045 0 2 1
7044 0 1 0
7042 1 2 1
7038 0 4 1
7025 0 2 1
7019 1 5 1
7018 0 2 1
7012 0 6 1
7011 1 3 1
7006 0 5 1
7003 0 6 1
6998 1 6 1
6997 0 3 1
6991 0 3 1
6983 0 3 1
6981 0 2 1
6979 0 2 1
6973 1 3 1
6965 0 6 1
6961 0 3 1
6958 0 4 1
6954 0 7 1
6945 1 4 1
6942 0 4 1
6938 1 2 1
6934 0 6 1
6933 0 6 1
6932 0 5 1
6930 0 4 1
6923 1 2 1
6921 0 3 1
6915 1 4 1
6902 0 1 0
6884 0 2 1
6882 0 7 1
6873 0 3 1
6867 0 3 1
6852 0 4 1
6848 0 3 1
6845 0 1 0
6839 0 5 1
6832 1 1 0
6831 0 7 1
6828 0 7 1
6823 1 2 1
6811 0 1 0
6809 1 2 1
6808 0 5 1
6802 1 1 0
6801 0 1 0
6800 1 3 1
6791 1 4 1
6790 0 5 1
6787 0 1 0
6783 0 4 1
6777 0 5 1
6769 0 5 1
6764 1 5 1
6757 0 1 0
6753 0 3 1
6741 0 5 1
6740 0 1 0
6739 0 3 1
6738 0 3 1
6730 0 3 1
6727 0 2 1
6724 1 5 1
6721 0 4 1
6717 0 8 1
6715 0 5 1
6714 0 3 1
6708 0 5 1
6700 0 5 1
6697 0 4 1
6670 1 4 1
6668 0 2 1
6664 0 2 1
6652 1 3 1
6651 0 4 1
6649 0 6 1
6646 0 1 0
6643 0 4 1
6634 0 5 1
6632 0 2 1
6620 1 1 0
6614 0 3 1
6613 0 4 1
6602 0 7 1
6601 0 2 1
6599 0 1 0
6596 0 4 1
6594 0 2 1
6591 0 4 1
6590 0 1 0
6586 1 4 1
6581 1 3 1
6577 0 2 1
6576 1 4 1
6574 0 4 1
6569 1 3 1
6567 1 9 1
6565 1 11 1
6550 0 4 1
6549 0 8 1
6548 1 2 1
6531 1 4 1
6527 0 4 1
6525 0 1 0
6508 0 5 1
6507 0 1 0
6505 1 1 0
6504 0 3 1
6498 0 3 1
6497 0 5 1
6485 0 3 1
6481 1 4 1
6480 1 2 1
6473 0 4 1
6469 1 3 1
6464 0 2 1
6460 1 5 1
6459 1 3 1
6454 1 3 1
6443 1 5 1
6435 0 6 1
6432 1 2 1
6418 0 7 1
6413 0 3 1
6412 0 2 1
6411 0 1 0
6409 0 4 1
6407 0 7 1
6400 0 1 0
6398 0 5 1
6394 0 6 1
6392 0 4 1
6389 0 5 1
6387 0 3 1
6386 0 5 1
6357 1 4 1
6349 1 3 1
6346 0 6 1
6334 1 4 1
6331 1 4 1
6330 1 3 1
6320 0 3 1
6317 1 6 1
6315 0 1 0
6307 1 5 1
6294 0 3 1
6292 0 5 1
6290 1 7 1
6286 0 2 1
6285 0 3 1
6284 1 2 1
6282 0 3 1
6280 0 6 1
6279 0 2 1
6278 1 4 1
6254 1 2 1
6249 0 7 1
6235 1 1 0
6234 0 5 1
6233 0 2 1
6229 0 5 1
6223 1 5 1
6222 0 4 1
6206 1 3 1
6205 0 2 1
6198 0 4 1
6196 1 3 1
6190 0 2 1
6180 1 5 1
6178 1 4 1
6174 0 2 1
6169 0 3 1
6166 0 5 1
6150 1 1 0
6149 1 2 1
6147 1 4 1
6146 0 8 1
6138 0 1 0
6134 0 5 1
6129 1 2 1
6125 0 4 1
6124 0 5 1
6112 0 2 1
6102 0 4 1
6093 1 5 1
6088 1 6 1
6086 0 5 1
6084 0 2 1
6080 0 2 1
6076 0 1 0
6074 1 8 1
6069 1 2 1
6047 0 3 1
6042 0 3 1
6035 0 4 1
6025 0 5 1
6019 0 3 1
6018 0 2 1
6017 0 6 1
6015 0 2 1
6000 1 5 1
5997 0 2 1
5996 0 2 1
5982 1 6 1
5979 0 5 1
5968 0 1 0
5949 0 8 1
5944 1 4 1
5942 0 4 1
5940 0 4 1
5938 0 6 1
5931 1 3 1
5914 0 7 1
5908 1 8 1
5904 1 1 0
5899 1 2 1
5898 0 4 1
5897 0 3 1
5893 0 2 1
5892 0 3 1
5883 0 2 1
5881 0 4 1
5876 0 2 1
5874 0 5 1
5873 0 2 1
5872 1 4 1
5869 0 4 1
5862 0 3 1
5859 1 3 1
5858 0 6 1
5853 0 2 1
5845 0 4 1
5834 1 0 0
5817 1 5 1
5805 1 3 1
5802 1 4 1
5799 1 2 1
5792 1 4 1
5791 1 6 1
5790 0 2 1
5786 0 5 1
5780 0 5 1
5779 1 6 1
5777 0 3 1
5770 1 4 1
5758 0 2 1
5755 1 3 1
5753 0 4 1
5746 0 3 1
5740 0 1 0
5735 0 2 1
5731 0 4 1
5725 0 3 1
5719 0 2 1
5714 1 0 0
5682 0 5 1
5680 0 2 1
5668 0 1 0
5667 0 0 0
5666 0 4 1
5665 0 4 1
5660 1 8 1
5652 0 2 1
5651 0 7 1
5637 1 1 0
5634 0 1 0
5627 0 1 0
5624 0 2 1
5590 1 0 0
5581 0 1 0
5575 0 4 1
5570 0 3 1
5567 0 2 1
5563 0 2 1
5557 0 0 0
5551 0 5 1
5550 0 2 1
5549 0 3 1
5548 0 6 1
5538 0 5 1
5535 1 3 1
5528 0 5 1
5527 0 3 1
5526 0 5 1
5517 1 2 1
5514 0 4 1
5513 1 3 1
5489 0 4 1
5478 0 5 1
5477 0 8 1
5474 1 4 1
5469 1 4 1
5465 0 5 1
5459 0 3 1
5454 0 5 1
5451 1 4 1
5447 0 3 1
5444 0 5 1
5443 0 4 1
5436 0 2 1
5414 0 6 1
5412 1 3 1
5410 0 5 1
5406 0 9 1
5403 0 4 1
5397 0 3 1
5387 0 6 1
5381 1 3 1
5376 0 3 1
5374 1 3 1
5369 1 4 1
5368 0 6 1
5359 0 4 1
5351 1 4 1
5347 1 4 1
5333 0 2 1
5330 1 8 1
5321 0 5 1
5319 0 3 1
5311 0 1 0
5309 0 4 1
5285 0 2 1
5281 0 3 1
5278 1 1 0
5271 1 2 1
5270 0 6 1
5267 0 4 1
5253 0 5 1
5250 0 6 1
5249 0 6 1
5236 1 3 1
5235 0 6 1
5211 0 4 1
5208 0 2 1
5206 0 2 1
5200 0 9 1
5190 0 3 1
5186 0 4 1
5182 1 3 1
5180 1 3 1
5179 0 2 1
5177 0 2 1
5173 0 3 1
5158 0 2 1
5157 1 6 1
5156 0 2 1
5140 0 0 0
5138 0 1 0
5135 1 2 1
5132 0 2 1
5127 0 4 1
5124 0 4 1
5117 0 1 0
5114 0 7 1
5112 0 1 0
5111 0 6 1
5107 0 3 1
5106 0 4 1
5101 0 7 1
5092 0 3 1
5087 0 4 1
5083 0 4 1
5079 1 6 1
5072 0 7 1
5051 1 3 1
5040 1 1 0
5038 0 3 1
5036 0 6 1
5032 0 2 1
5028 0 5 1
5025 0 4 1
5020 0 3 1
5019 0 6 1
5015 0 4 1
5013 0 3 1
5012 0 5 1
5007 0 5 1
4991 0 4 1
4983 1 3 1
4981 0 4 1
4977 0 7 1
4970 0 4 1
4969 0 3 1
4967 0 6 1
4966 0 4 1
4964 0 3 1
4952 1 2 1
4950 0 3 1
4945 1 6 1
4936 0 3 1
4929 0 9 1
4918 1 7 1
4915 0 3 1
4910 0 2 1
4909 0 3 1
4904 0 4 1
4903 1 6 1
4899 0 3 1
4886 0 4 1
4880 1 2 1
4870 1 4 1
4831 0 3 1
4829 0 5 1
4824 1 3 1
4820 0 1 0
4810 0 4 1
4808 0 7 1
4806 0 4 1
4797 0 9 1
4795 0 4 1
4788 0 2 1
4786 0 3 1
4784 0 3 1
4783 0 2 1
4779 0 4 1
4771 0 2 1
4768 0 7 1
4767 0 3 1
4766 0 4 1
4764 0 4 1
4762 0 3 1
4757 0 3 1
4756 0 6 1
4754 0 3 1
4749 0 6 1
4748 0 0 0
4745 0 10 1
4743 0 6 1
4742 0 2 1
4741 0 6 1
4737 0 7 1
4733 0 3 1
4731 0 5 1
4729 0 6 1
4724 0 1 0
4722 0 4 1
4718 0 4 1
4717 0 4 1
4716 0 4 1
4714 0 5 1
4713 0 1 0
4712 0 5 1
4710 0 1 0
4708 0 7 1
4705 0 0 0
4702 0 3 1
4692 0 4 1
4675 1 5 1
4650 1 6 1
4649 0 1 0
4642 1 2 1
4638 1 4 1
4628 0 1 0
4624 1 4 1
4620 0 2 1
4613 1 4 1
4611 0 3 1
4609 1 4 1
4607 1 3 1
4603 1 3 1
4601 0 5 1
4599 0 1 0
4593 1 2 1
4589 1 2 1
4584 0 4 1
4574 0 1 0
4562 0 4 1
4561 0 3 1
4558 1 5 1
4550 0 4 1
4541 0 2 1
4531 0 0 0
4524 0 4 1
4522 0 3 1
4520 0 3 1
4515 0 1 0
4514 0 2 1
4502 0 3 1
4495 0 6 1
4494 0 4 1
4493 1 2 1
4481 0 1 0
4441 0 2 1
4435 0 7 1
4433 0 4 1
4427 0 0 0
4424 0 3 1
4423 0 4 1
4417 0 1 0
4410 0 3 1
4402 0 1 0
4401 0 4 1
4399 0 3 1
4398 0 2 1
4388 0 0 0
4384 1 4 1
4382 0 6 1
4376 0 3 1
4375 1 4 1
4366 1 4 1
4363 1 5 1
4361 1 1 0
4353 0 2 1
4352 1 2 1
4350 0 2 1
4348 0 1 0
4344 1 2 1
4337 0 3 1
4327 1 3 1
4291 1 2 1
4289 0 1 0
4275 0 2 1
4266 0 2 1
4262 0 2 1
4251 1 2 1
4246 1 1 0
4222 0 1 0
4213 0 3 1
4209 0 1 0
4201 1 3 1
4198 0 5 1
4194 0 8 1
4193 1 7 1
4186 0 3 1
4183 0 8 1
4178 0 5 1
4168 0 4 1
4166 0 1 0
4164 0 4 1
4158 0 3 1
4156 0 3 1
4153 0 7 1
4151 0 4 1
4150 0 8 1
4144 1 3 1
4143 0 4 1
4142 0 8 1
4140 0 7 1
4139 0 4 1
4135 0 4 1
4134 0 5 1
4132 1 8 1
4129 0 4 1
4128 0 0 0
4124 0 3 1
4123 1 4 1
4120 0 9 1
4117 0 4 1
4116 0 4 1
4115 0 5 1
4109 0 9 1
4108 0 1 0
4107 0 5 1
4105 0 1 0
4104 0 6 1
4101 0 3 1
4094 0 7 1
4091 0 4 1
4090 0 6 1
4082 1 3 1
4070 1 4 1
4015 1 6 1
4002 1 2 1
3978 0 5 1
3960 0 4 1
3959 1 1 0
3956 0 7 1
3953 0 3 1
3940 1 2 1
3931 1 2 1
3927 0 4 1
3924 1 6 1
3899 0 1 0
3895 1 8 1
3892 0 1 0
3888 0 5 1
3871 0 4 1
3870 0 3 1
3864 0 1 0
3861 0 2 1
3849 0 5 1
3848 0 4 1
3845 1 3 1
3844 0 1 0
3837 0 3 1
3836 0 3 1
3830 0 2 1
3826 0 2 1
3822 0 3 1
3817 0 4 1
3816 0 3 1
3808 0 4 1
3789 0 1 0
3784 1 3 1
3782 0 5 1
3776 0 1 0
3769 0 3 1
3763 0 5 1
3761 0 1 0
3755 0 3 1
3747 0 2 1
3740 0 2 1
3737 1 4 1
3733 1 2 1
3732 1 5 1
3731 0 2 1
3730 0 2 1
3729 0 0 0
3714 1 4 1
3693 1 3 1
3690 0 5 1
3673 1 5 1
3669 0 8 1
3666 0 1 0
3660 1 4 1
3657 0 3 1
3654 0 2 1
3652 1 4 1
3640 0 3 1
3637 0 1 0
3636 0 4 1
3634 0 5 1
3633 0 3 1
3631 0 2 1
3629 0 3 1
3627 0 7 1
3619 0 7 1
3616 1 4 1
3612 0 2 1
3597 0 4 1
3596 0 2 1
3580 0 4 1
3550 0 3 1
3536 1 1 0
3534 0 4 1
3528 0 0 0
3527 0 2 1
3512 0 3 1
3511 0 2 1
3505 0 5 1
3477 0 2 1
3475 0 4 1
3470 0 1 0
3469 0 6 1
3468 1 2 1
3462 0 2 1
3461 0 3 1
3454 0 4 1
3449 0 6 1
3424 0 3 1
3421 0 3 1
3419 1 4 1
3411 0 4 1
3408 1 5 1
3405 1 6 1
3403 1 5 1
3396 0 0 0
3391 0 3 1
3369 1 1 0
3356 0 4 1
3354 1 3 1
3349 1 10 1
3345 0 1 0
3335 1 2 1
3331 0 4 1
3319 1 1 0
3302 1 2 1
3298 0 1 0
3294 0 4 1
3237 0 1 0
3214 0 1 0
3210 1 2 1
3204 1 3 1
3201 0 2 1
3197 1 3 1
3192 0 1 0
3182 0 1 0
3179 1 2 1
3176 0 4 1
3167 0 5 1
3166 1 3 1
3143 0 3 1
3132 0 4 1
3131 1 2 1
3126 1 3 1
3123 0 3 1
3101 1 4 1
3083 0 0 0
3081 1 2 1
3042 1 2 1
3032 1 2 1
3027 0 1 0
3022 0 2 1
3020 0 3 1
3008 0 1 0
2999 0 4 1
2997 0 3 1
2986 0 2 1
2979 0 2 1
2974 0 1 0
2947 0 4 1
2940 0 2 1
2915 1 3 1
2910 1 2 1
2908 1 4 1
2902 1 2 1
2898 1 5 1
2877 1 2 1
2876 1 4 1
2874 1 5 1
2854 1 2 1
2853 1 1 0
2823 1 5 1
2808 0 6 1
2794 0 1 0
2793 0 6 1
2790 0 5 1
2789 0 4 1
2788 0 6 1
2785 0 8 1
2781 0 4 1
2780 0 5 1
2779 0 3 1
2777 0 3 1
2764 0 9 1
2763 0 5 1
2761 0 7 1
2755 0 1 0
2753 0 4 1
2751 0 5 1
2750 0 1 0
2747 0 2 1
2746 0 5 1
2732 0 2 1
2727 0 2 1
2726 0 5 1
2725 0 7 1
2716 0 4 1
2712 0 4 1
2711 0 3 1
2701 0 7 1
2686 0 3 1
2639 0 1 0
2636 0 1 0
2587 0 2 1
2579 0 3 1
2573 0 4 1
2559 0 2 1
2558 0 1 0
2557 0 0 0
2551 0 7 1
2549 0 3 1
2545 0 6 1
2531 0 1 0
2521 0 6 1
2486 0 0 0
2478 0 1 0
2440 0 1 0
2419 0 3 1
2407 0 2 1
2404 0 1 0
2381 0 3 1
2362 0 1 0
2361 1 5 1
2359 1 3 1
2348 0 2 1
2319 1 3 1
2306 1 2 1
2304 1 3 1
2266 0 4 1
2244 0 4 1
2229 1 0 0
2208 0 0 0
2183 0 3 1
2175 0 1 0
2155 0 4 1
2130 0 2 1
2128 0 2 1
2127 0 1 0
2125 1 5 1
2121 0 5 1
2111 0 4 1
2105 0 4 1
2103 0 7 1
2102 0 5 1
2099 0 4 1
2093 0 5 1
2089 0 4 1
2062 0 2 1
2052 0 4 1
2050 0 6 1
2048 1 4 1
2032 0 6 1
2030 1 6 1
2019 0 3 1
2016 0 3 1
2015 0 7 1
2007 0 4 1
2006 0 4 1
2005 0 3 1
2004 0 3 1
2002 1 2 1
2000 0 6 1
1995 0 2 1
1992 0 5 1
1989 0 7 1
1988 0 5 1
1984 0 3 1
1982 0 2 1
1981 0 3 1
1978 1 6 1
1970 1 3 1
1969 0 1 0
1968 0 5 1
1960 0 6 1
1958 0 3 1
1957 0 5 1
1952 0 7 1
1947 0 1 0
1946 0 4 1
1943 0 3 1
1941 0 2 1
1937 0 3 1
1936 0 4 1
1931 0 3 1
1926 0 5 1
1921 0 2 1
1918 0 2 1
1890 0 2 1
1888 1 6 1
1873 0 1 0
1864 1 2 1
1862 0 1 0
1859 1 2 1
1854 1 3 1
1850 0 2 1
1826 1 5 1
1797 0 5 1
1745 0 2 1
1744 0 3 1
1733 0 4 1
1732 0 7 1
1702 0 3 1
1696 0 1 0
1671 0 3 1
1664 0 2 1
1662 1 2 1
1652 1 6 1
1650 0 4 1
1642 0 2 1
1640 0 3 1
1637 0 2 1
1621 0 3 1
1610 0 5 1
1602 0 4 1
1601 0 1 0
1591 0 6 1
1579 0 2 1
1576 0 2 1
1573 0 3 1
1561 0 1 0
1555 0 1 0
1548 0 2 1
1529 0 2 1
1519 0 7 1
1513 0 2 1
1510 0 2 1
1506 0 3 1
1495 0 2 1
1482 0 4 1
1480 0 2 1
1476 0 1 0
1472 0 3 1
1459 0 5 1
1455 0 4 1
1441 1 3 1
1439 0 6 1
1433 0 0 0
1429 0 1 0
1416 1 4 1
1395 1 3 1
1337 1 2 1
1325 1 1 0
1321 0 3 1
1315 0 4 1
1312 0 4 1
1309 0 6 1
1302 1 3 1
1301 0 2 1
1288 0 2 1
1271 0 3 1
1269 0 1 0
1264 0 2 1
1259 0 2 1
1248 0 3 1
1239 0 1 0
1236 0 6 1
1234 0 1 0
1213 0 3 1
1198 1 2 1
1177 0 2 1
1125 0 2 1
1114 0 1 0
1107 1 2 1
1078 1 4 1
1052 1 3 1
1038 1 5 1
1000 0 4 1
993 0 3 1
991 0 2 1
978 1 5 1
947 0 6 1
944 0 3 1
930 0 3 1
922 1 3 1
914 0 0 0
911 0 0 0
900 0 2 1
875 0 2 1
868 0 2 1
851 0 0 0
835 0 1 0
812 0 2 1
800 0 4 1
796 0 5 1
790 0 2 1
787 0 1 0
767 1 2 1
765 0 4 1
764 0 0 0
762 0 1 0
757 1 4 1
747 0 1 0
746 0 3 1
738 0 4 1
734 0 2 1
731 0 0 0
728 0 1 0
702 0 1 0
691 0 0 0
689 0 4 1
679 0 4 1
668 0 4 1
660 0 0 0
640 0 1 0
638 0 1 0
637 0 1 0
634 0 1 0
628 0 1 0
622 0 1 0
621 0 3 1
619 0 1 0
613 0 1 0
609 0 1 0
586 0 2 1
577 0 7 1
573 0 3 1
558 0 2 1
557 0 1 0
543 0 4 1
535 0 3 1
527 0 1 0
526 0 2 1
523 0 6 1
519 0 5 1
514 0 3 1
491 0 2 1
446 0 2 1
430 0 4 1
429 0 3 1
426 0 4 1
417 0 4 1
409 1 2 1
400 0 3 1
398 1 4 1
393 0 4 1
389 0 2 1
388 0 2 1
387 0 0 0
383 0 2 1
378 0 2 1
361 0 2 1
359 0 4 1
350 0 3 1
328 0 1 0
320 1 3 1
316 0 3 1
311 0 4 1
307 0 2 1
306 0 1 0
238 0 0 0
226 0 2 1
203 0 4 1
195 1 2 1
188 1 6 1
184 1 2 1
174 0 4 1
158 1 4 1
148 1 1 0
132 0 5 1
95 1 7 1
77 1 7 1
69 0 2 1
50 1 4 1
49 0 6 1
44 0 2 1
40 1 2 1
39 0 2 1
26 0 1 0
19 1 2 1
1 0 4 1
